0.290206 0.219771 
0.288885 0.218768 
0.291962 0.218791 
0.292877 0.220415 
0.291395 0.216007 
0.29107 0.215598 
0.291362 0.215683 
0.288804 0.224139 
0.287996 0.214443 
0.295217 0.21925 
0.288195 0.21415 
0.286121 0.21523 
0.294683 0.21534 
0.284649 0.215851 
0.285344 0.224134 
0.295071 0.214266 
0.288867 0.226572 
0.29196 0.226461 
0.292394 0.21176 
0.297797 0.220774 
0.415391 0.333789 
0.416531 0.329735 
0.415531 0.328789 
0.412187 0.332632 
0.411939 0.334148 
0.418194 0.336335 
0.418668 0.336232 
0.41347 0.328391 
0.417981 0.336844 
0.419637 0.335675 
0.411269 0.330662 
0.410939 0.331813 
0.41122 0.33516 
0.414512 0.338081 
0.419426 0.3279 
0.411547 0.328627 
0.413441 0.33789 
0.421884 0.331707 
0.411413 0.337881 
0.421103 0.337869 
0.668006 0.358217 
0.671401 0.357888 
0.669393 0.361727 
0.671989 0.357426 
0.672268 0.358426 
0.665349 0.359861 
0.664733 0.360322 
0.670431 0.36266 
0.671766 0.354694 
0.673647 0.35794 
0.668575 0.353383 
0.668108 0.35342 
0.664696 0.355054 
0.665904 0.352991 
0.673175 0.363344 
0.666672 0.352076 
0.662811 0.355231 
0.67147 0.352231 
0.661853 0.35943 
0.663499 0.364129 
0.950676 0.0091196 
0.951051 0.0125104 
0.952773 0.0123667 
0.953954 0.00759089 
0.953651 0.0133547 
0.955042 0.00659767 
0.956906 0.00783594 
0.946134 0.00654632 
0.949083 0.00386243 
0.944939 0.0124614 
0.943716 0.0120091 
0.956504 0.00358505 
0.942111 0.0106022 
0.949601 0.0191008 
0.951276 0.0192683 
0.944374 0.00333956 
0.945555 0.0183592 
0.961977 0.0101952 
0.950154 0.020536 
0.950128 0.0208124 
0.855503 0.737576 
0.855034 0.736796 
0.852802 0.738854 
0.856148 0.739711 
0.855501 0.735531 
0.850669 0.739456 
0.857549 0.74025 
0.855372 0.733748 
0.857913 0.741115 
0.859084 0.738805 
0.851 0.74157 
0.849372 0.737173 
0.85574 0.73188 
0.850104 0.742743 
0.85547 0.731637 
0.858755 0.742576 
0.851947 0.74395 
0.86025 0.734826 
0.860495 0.734591 
0.847303 0.73756 
0.521179 0.631291 
0.521777 0.632376 
0.523477 0.629908 
0.521631 0.634273 
0.522237 0.627843 
0.524856 0.629068 
0.52427 0.634225 
0.524214 0.634968 
0.516121 0.632571 
0.525446 0.627095 
0.517198 0.627217 
0.526292 0.627959 
0.525658 0.627054 
0.525902 0.63507 
0.515684 0.634189 
0.525074 0.625412 
0.524181 0.637447 
0.525909 0.625099 
0.515036 0.635035 
0.529319 0.628651 
0.5689 0.307417 
0.56907 0.304991 
0.57238 0.307905 
0.569346 0.310697 
0.573895 0.308823 
0.567953 0.301996 
0.565191 0.304009 
0.568174 0.301026 
0.575934 0.307908 
0.565151 0.30325 
0.571356 0.312554 
0.564232 0.308401 
0.569187 0.299975 
0.575338 0.310767 
0.576319 0.303333 
0.5639 0.309636 
0.563658 0.303491 
0.56446 0.311276 
0.571085 0.298802 
0.57793 0.303558 
0.335535 0.285795 
0.336161 0.287143 
0.334761 0.286064 
0.33769 0.283219 
0.338774 0.284075 
0.339801 0.286399 
0.333413 0.287009 
0.333254 0.288505 
0.341131 0.288171 
0.33359 0.280037 
0.331925 0.289915 
0.333719 0.291241 
0.336215 0.279093 
0.341823 0.281472 
0.335244 0.278972 
0.331405 0.290173 
0.340702 0.291159 
0.329349 0.284349 
0.329838 0.288728 
0.342988 0.280913 
0.920971 0.463634 
0.920903 0.46264 
0.916869 0.464076 
0.92011 0.461487 
0.922083 0.462236 
0.915606 0.464433 
0.916331 0.462126 
0.919103 0.469236 
0.916192 0.467616 
0.920302 0.469419 
0.915779 0.467678 
0.917381 0.460021 
0.924242 0.467563 
0.924411 0.46161 
0.922227 0.470185 
0.914234 0.467548 
0.914072 0.461777 
0.926282 0.463868 
0.913589 0.462331 
0.926429 0.465432 
0.493263 0.793951 
0.492453 0.793983 
0.49321 0.797877 
0.492792 0.798173 
0.49221 0.792115 
0.490993 0.793372 
0.49029 0.794693 
0.49162 0.791495 
0.494131 0.790051 
0.492555 0.799328 
0.491356 0.791355 
0.500449 0.795799 
0.490534 0.792182 
0.500244 0.798184 
0.494433 0.801314 
0.498657 0.8004 
0.490494 0.789861 
0.492478 0.801861 
0.502911 0.796646 
0.499635 0.787833 
0.664969 0.65228 
0.664872 0.652534 
0.668152 0.651611 
0.66409 0.647039 
0.669133 0.652082 
0.662752 0.646874 
0.660868 0.653538 
0.671037 0.648993 
0.661033 0.65486 
0.664594 0.644256 
0.670272 0.646859 
0.661135 0.645505 
0.66979 0.645869 
0.658821 0.64799 
0.658643 0.648347 
0.666557 0.643614 
0.663023 0.642988 
0.673318 0.650683 
0.659401 0.644668 
0.66173 0.657881 
0.0851067 0.810282 
0.0863305 0.812817 
0.0850061 0.812079 
0.0889467 0.807474 
0.0904217 0.81132 
0.0901277 0.812597 
0.0856355 0.814076 
0.0909838 0.813275 
0.0821385 0.810867 
0.0821023 0.812007 
0.0816991 0.811958 
0.0839116 0.805359 
0.0866245 0.81641 
0.0888072 0.816322 
0.0923325 0.814055 
0.0815582 0.807192 
0.0888076 0.816766 
0.0832717 0.804992 
0.0927909 0.81419 
0.0823455 0.805144 
0.561645 0.321654 
0.568437 0.323913 
0.563242 0.31911 
0.565269 0.326935 
0.563695 0.318031 
0.56539 0.328377 
0.561327 0.317368 
0.571196 0.322057 
0.564913 0.329017 
0.568793 0.317429 
0.56278 0.316151 
0.57157 0.32031 
0.559647 0.328063 
0.565934 0.314923 
0.559973 0.316397 
0.560254 0.315959 
0.570783 0.328239 
0.559158 0.316722 
0.572248 0.326197 
0.566805 0.330788 
0.23027 0.474233 
0.228933 0.473084 
0.228458 0.472285 
0.231734 0.47286 
0.228393 0.478847 
0.225963 0.472186 
0.226182 0.478257 
0.226592 0.478866 
0.224769 0.472954 
0.225311 0.47193 
0.229981 0.48028 
0.224311 0.477847 
0.227839 0.468911 
0.229037 0.481116 
0.234674 0.471352 
0.224324 0.479443 
0.222483 0.47505 
0.225176 0.46936 
0.231281 0.481287 
0.222581 0.476845 
0.91606 0.87606 
0.915746 0.875946 
0.915118 0.873534 
0.917955 0.877958 
0.914895 0.872189 
0.913357 0.877135 
0.914181 0.872195 
0.914849 0.878719 
0.919821 0.878744 
0.911937 0.873392 
0.919257 0.879846 
0.91293 0.871243 
0.920063 0.871004 
0.917912 0.880872 
0.920734 0.870963 
0.911097 0.877421 
0.913153 0.8802 
0.922986 0.873179 
0.912809 0.8696 
0.910079 0.877114 
0.118634 0.221037 
0.11961 0.221489 
0.11977 0.222008 
0.114809 0.224245 
0.117511 0.219084 
0.120456 0.222851 
0.119916 0.219594 
0.114955 0.226373 
0.121901 0.223029 
0.11895 0.217343 
0.121433 0.219504 
0.114578 0.226924 
0.122246 0.220484 
0.11478 0.216213 
0.110421 0.221834 
0.117655 0.228912 
0.120912 0.228546 
0.120774 0.215167 
0.12247 0.227744 
0.120129 0.214492 
0.580249 0.739275 
0.582378 0.737083 
0.577928 0.741735 
0.578319 0.734422 
0.57794 0.741887 
0.578203 0.733395 
0.585186 0.737475 
0.579041 0.744116 
0.582006 0.732341 
0.574841 0.742681 
0.586289 0.738575 
0.574484 0.743396 
0.586379 0.734583 
0.586698 0.741391 
0.57189 0.736454 
0.572691 0.742835 
0.574049 0.744671 
0.584929 0.745017 
0.571831 0.741933 
0.573644 0.74456 
0.220221 0.0670433 
0.223416 0.0647932 
0.221036 0.0641675 
0.22399 0.06754 
0.219162 0.0656595 
0.225426 0.067599 
0.224963 0.0690148 
0.225494 0.0642084 
0.217278 0.0661365 
0.223787 0.0618712 
0.220594 0.06124 
0.21904 0.0715817 
0.22777 0.063594 
0.221315 0.0591727 
0.228773 0.0687192 
0.221975 0.073739 
0.229363 0.0654656 
0.229477 0.0686342 
0.213995 0.0637717 
0.217663 0.0735064 
0.691194 0.970626 
0.690231 0.968393 
0.69099 0.970743 
0.68832 0.96871 
0.693789 0.96817 
0.687986 0.968623 
0.692978 0.972368 
0.69552 0.968311 
0.695413 0.966944 
0.692713 0.974793 
0.695326 0.973829 
0.695804 0.973842 
0.695032 0.963897 
0.693032 0.962825 
0.685587 0.973807 
0.69127 0.962396 
0.697474 0.972574 
0.698007 0.966526 
0.693984 0.961835 
0.695789 0.962226 
0.40811 0.636841 
0.405176 0.637392 
0.405033 0.637708 
0.405738 0.63882 
0.404843 0.63778 
0.40428 0.638704 
0.407848 0.639955 
0.404989 0.639666 
0.411231 0.63765 
0.409768 0.63332 
0.403996 0.63249 
0.402804 0.633167 
0.401048 0.636073 
0.409964 0.642091 
0.411801 0.634265 
0.412824 0.636488 
0.412629 0.635378 
0.405163 0.643436 
0.411963 0.633738 
0.399901 0.636223 
0.732707 0.98689 
0.732937 0.989323 
0.727431 0.990241 
0.734394 0.988308 
0.72686 0.991117 
0.734266 0.989872 
0.725536 0.989161 
0.728258 0.983535 
0.735415 0.988008 
0.727317 0.992637 
0.731103 0.993375 
0.735634 0.987074 
0.725866 0.983791 
0.73598 0.986884 
0.73602 0.986627 
0.724157 0.986235 
0.733949 0.982648 
0.737439 0.988903 
0.737374 0.989421 
0.734787 0.981767 
0.830492 0.0690626 
0.836842 0.067905 
0.830467 0.0627437 
0.836928 0.0639623 
0.835327 0.0622356 
0.829091 0.0711576 
0.835956 0.0621918 
0.835888 0.0723196 
0.838441 0.0703728 
0.833948 0.0606398 
0.834329 0.0736058 
0.827946 0.0717394 
0.839983 0.0680097 
0.83046 0.0740278 
0.825519 0.067086 
0.825722 0.0695693 
0.829083 0.0741477 
0.839788 0.0629853 
0.838537 0.0613558 
0.824763 0.0660279 
0.333344 0.262637 
0.331892 0.262264 
0.334787 0.263019 
0.333975 0.263686 
0.333846 0.263758 
0.333259 0.259841 
0.33381 0.259459 
0.336019 0.263006 
0.330722 0.261312 
0.332804 0.258468 
0.329889 0.262754 
0.330974 0.258499 
0.337621 0.25961 
0.333584 0.255867 
0.326975 0.260779 
0.340142 0.263794 
0.330571 0.255201 
0.32775 0.256845 
0.339273 0.267267 
0.335192 0.254231 
0.410772 0.245153 
0.413063 0.247538 
0.411168 0.247906 
0.41017 0.243364 
0.409972 0.241331 
0.414453 0.250488 
0.417262 0.244073 
0.406899 0.243838 
0.407517 0.242318 
0.406308 0.245015 
0.409449 0.24009 
0.416739 0.250836 
0.405599 0.24494 
0.419214 0.249217 
0.414478 0.238267 
0.417227 0.239393 
0.415247 0.238186 
0.404047 0.246611 
0.407014 0.239 
0.404035 0.248412 
0.513912 0.894148 
0.512835 0.893314 
0.516662 0.89377 
0.517656 0.893381 
0.515147 0.891154 
0.514619 0.891026 
0.516978 0.891787 
0.513186 0.89082 
0.5165 0.899416 
0.517978 0.898567 
0.518584 0.898644 
0.510151 0.891199 
0.517326 0.88923 
0.517512 0.900252 
0.521024 0.894979 
0.521081 0.894123 
0.518368 0.888901 
0.521735 0.895827 
0.520697 0.890263 
0.507088 0.892815 
0.996674 0.335408 
0.997742 0.340636 
0.996357 0.333238 
0.999476 0.332174 
0.993954 0.334526 
0.993271 0.337905 
0.992199 0.335088 
0.996077 0.329437 
0.994235 0.343087 
0.996796 0.328629 
0.991492 0.332043 
0.992037 0.331108 
0.990126 0.335532 
0.996064 0.345416 
0.99308 0.328798 
0.999239 0.347374 
0.988268 0.336401 
0.989009 0.341959 
0.989974 0.32967 
0.987244 0.337839 
0.401532 0.852256 
0.398427 0.854961 
0.397672 0.854553 
0.397674 0.852863 
0.397572 0.854649 
0.403959 0.854688 
0.40238 0.850818 
0.401462 0.85745 
0.400293 0.858448 
0.401349 0.848943 
0.395376 0.856823 
0.404002 0.858949 
0.405654 0.850306 
0.393337 0.852721 
0.402213 0.846114 
0.407616 0.857913 
0.406878 0.848797 
0.392573 0.852169 
0.394064 0.858925 
0.392019 0.85068 
0.657454 0.382909 
0.658452 0.383575 
0.657193 0.381757 
0.656968 0.390034 
0.651294 0.382531 
0.651626 0.381394 
0.658303 0.390343 
0.649718 0.385699 
0.654439 0.391117 
0.660974 0.382134 
0.661318 0.382607 
0.662226 0.384301 
0.658853 0.379336 
0.652444 0.379157 
0.662506 0.386242 
0.662667 0.384772 
0.652865 0.378142 
0.64796 0.384017 
0.657316 0.392945 
0.660377 0.39152 
0.672653 0.774654 
0.670745 0.776819 
0.674319 0.776657 
0.670306 0.776937 
0.674521 0.776886 
0.668841 0.774675 
0.668331 0.774824 
0.66771 0.770341 
0.672285 0.781531 
0.665518 0.772118 
0.678687 0.770739 
0.665459 0.77148 
0.679837 0.772689 
0.664366 0.773856 
0.680018 0.772332 
0.665122 0.778486 
0.674196 0.76634 
0.677122 0.781224 
0.665913 0.779889 
0.667684 0.781464 
0.280021 0.860282 
0.281006 0.862191 
0.280684 0.856766 
0.282761 0.862745 
0.284797 0.858612 
0.27874 0.858493 
0.278804 0.863039 
0.278685 0.863066 
0.287059 0.860087 
0.281581 0.854312 
0.287174 0.860459 
0.275808 0.859819 
0.286941 0.856806 
0.277429 0.855553 
0.275817 0.861232 
0.287913 0.85974 
0.285082 0.865584 
0.287563 0.863527 
0.278088 0.853585 
0.280083 0.866895 
0.705322 0.69616 
0.703517 0.697 
0.705324 0.698744 
0.705902 0.693721 
0.704912 0.69295 
0.702156 0.693906 
0.70785 0.694098 
0.708039 0.698635 
0.709667 0.698013 
0.706737 0.690729 
0.701184 0.701587 
0.71216 0.696479 
0.697529 0.695614 
0.698969 0.700938 
0.696913 0.695427 
0.712998 0.692757 
0.696925 0.691721 
0.695758 0.695547 
0.706213 0.705348 
0.696702 0.701689 
0.431394 0.00927123 
0.435679 0.0127497 
0.429147 0.0124145 
0.436154 0.0131395 
0.43111 0.0153409 
0.432574 0.00763176 
0.43134 0.00771768 
0.436672 0.00994197 
0.43393 0.0162287 
0.430258 0.0071767 
0.431649 0.00643412 
0.429563 0.0161522 
0.429145 0.0158386 
0.438311 0.011995 
0.438348 0.0118852 
0.436732 0.00723346 
0.439495 0.0115932 
0.431391 0.0188473 
0.440184 0.0104011 
0.42786 0.0177181 
0.449378 0.290323 
0.447347 0.288123 
0.447783 0.293132 
0.445244 0.292632 
0.449697 0.292426 
0.4469 0.294208 
0.443934 0.287872 
0.442839 0.290187 
0.444192 0.286668 
0.451343 0.287496 
0.447597 0.285264 
0.441768 0.291024 
0.450085 0.295049 
0.45118 0.286422 
0.446211 0.284785 
0.444592 0.284582 
0.453653 0.291264 
0.442497 0.285549 
0.453662 0.287897 
0.442395 0.285368 
0.92523 0.613707 
0.922991 0.610348 
0.923526 0.615973 
0.92416 0.616257 
0.921238 0.609958 
0.920124 0.615997 
0.923896 0.616947 
0.926765 0.613603 
0.924182 0.608285 
0.927862 0.612826 
0.917428 0.61339 
0.917175 0.612468 
0.927559 0.615876 
0.917189 0.614996 
0.928395 0.61414 
0.923965 0.618932 
0.923392 0.619249 
0.916283 0.612933 
0.916116 0.608277 
0.915768 0.617881 
0.300746 0.902445 
0.299549 0.902582 
0.299047 0.906117 
0.305746 0.899918 
0.30318 0.909124 
0.305133 0.898963 
0.306019 0.908422 
0.300669 0.909705 
0.297976 0.899812 
0.299678 0.909602 
0.302913 0.911051 
0.308024 0.909232 
0.30396 0.911568 
0.308522 0.909423 
0.30141 0.911594 
0.295826 0.899423 
0.306517 0.912103 
0.306845 0.912009 
0.310742 0.908674 
0.302355 0.894769 
0.316864 0.464506 
0.318396 0.465088 
0.321009 0.464444 
0.314941 0.471202 
0.322081 0.466194 
0.311298 0.469174 
0.314145 0.47125 
0.310086 0.467167 
0.319644 0.470496 
0.322311 0.466329 
0.310783 0.461366 
0.312012 0.459893 
0.322652 0.467425 
0.313077 0.458838 
0.308657 0.463981 
0.314176 0.457663 
0.307924 0.464332 
0.322835 0.470145 
0.309962 0.459456 
0.307705 0.463708 
0.514581 0.302204 
0.513604 0.303273 
0.513187 0.303928 
0.509931 0.302925 
0.518546 0.299194 
0.511853 0.305589 
0.512007 0.29628 
0.515042 0.295949 
0.515772 0.306191 
0.516977 0.296249 
0.518333 0.304832 
0.512054 0.306586 
0.507985 0.300785 
0.517973 0.296555 
0.516929 0.295541 
0.513856 0.294666 
0.520067 0.298405 
0.51929 0.305991 
0.517733 0.294745 
0.520682 0.297946 
0.782241 0.166635 
0.78234 0.167165 
0.783246 0.165268 
0.782902 0.164163 
0.783316 0.163862 
0.779291 0.164868 
0.780759 0.163245 
0.78093 0.170521 
0.785743 0.167953 
0.785806 0.163833 
0.78444 0.170701 
0.785905 0.170433 
0.786835 0.163431 
0.779879 0.172194 
0.775597 0.167387 
0.775445 0.166469 
0.787081 0.171213 
0.774828 0.165819 
0.775699 0.162732 
0.774532 0.167052 
0.64334 0.706199 
0.644008 0.70746 
0.64469 0.706625 
0.641191 0.709307 
0.640319 0.704665 
0.639663 0.706643 
0.643013 0.702749 
0.638964 0.706105 
0.638773 0.707981 
0.646334 0.710492 
0.638298 0.706427 
0.637712 0.707657 
0.640277 0.701526 
0.644218 0.700593 
0.646052 0.712202 
0.646576 0.711983 
0.644634 0.714009 
0.637331 0.701885 
0.645095 0.698972 
0.651308 0.708062 
0.481907 0.932373 
0.480567 0.931423 
0.479171 0.928225 
0.480602 0.934284 
0.479599 0.926795 
0.478176 0.933345 
0.479138 0.935231 
0.487636 0.935171 
0.489913 0.930143 
0.477672 0.926602 
0.476404 0.932902 
0.483142 0.922224 
0.483549 0.938212 
0.488953 0.924474 
0.476909 0.924862 
0.480437 0.938466 
0.490753 0.935088 
0.479576 0.922057 
0.477289 0.937918 
0.49001 0.923102 
0.680673 0.186068 
0.682683 0.184149 
0.682576 0.187196 
0.680637 0.186992 
0.684036 0.184877 
0.680566 0.188746 
0.679709 0.182506 
0.680173 0.190328 
0.677288 0.183366 
0.677902 0.189246 
0.68706 0.187933 
0.687399 0.183504 
0.687944 0.185781 
0.676323 0.183364 
0.67656 0.188555 
0.678763 0.180047 
0.682205 0.178598 
0.688844 0.183525 
0.677517 0.191178 
0.676686 0.19044 
0.939441 0.301504 
0.941152 0.305197 
0.939708 0.300373 
0.935477 0.301844 
0.935935 0.301092 
0.938902 0.299639 
0.943253 0.303979 
0.93498 0.306693 
0.94385 0.303005 
0.939506 0.308726 
0.932917 0.30468 
0.93269 0.303797 
0.939246 0.309456 
0.9411 0.297572 
0.931912 0.303688 
0.938956 0.296087 
0.933087 0.298106 
0.945915 0.307037 
0.946727 0.302128 
0.932837 0.297553 
0.125057 0.187141 
0.121739 0.184575 
0.120092 0.185367 
0.121586 0.183959 
0.122555 0.183175 
0.11818 0.189874 
0.127473 0.187954 
0.117437 0.189529 
0.120497 0.181831 
0.122869 0.193745 
0.116427 0.184919 
0.121715 0.194262 
0.128072 0.191568 
0.12972 0.186519 
0.130023 0.187673 
0.126737 0.181253 
0.123195 0.195273 
0.116011 0.192119 
0.122235 0.195352 
0.124637 0.180032 
0.0944436 0.655492 
0.0894008 0.655616 
0.0953872 0.65556 
0.088625 0.65809 
0.0929751 0.660504 
0.0888935 0.658845 
0.0943713 0.65251 
0.0906325 0.652126 
0.0883967 0.658784 
0.0872312 0.65728 
0.0891949 0.661572 
0.0925472 0.650187 
0.0916627 0.650156 
0.097976 0.651643 
0.0996605 0.657046 
0.0948627 0.649392 
0.0991483 0.653003 
0.0856753 0.652624 
0.100443 0.658067 
0.0968315 0.649099 
0.666913 0.673459 
0.669618 0.674495 
0.666995 0.672945 
0.665188 0.674733 
0.668126 0.671441 
0.669381 0.678172 
0.665171 0.67743 
0.666833 0.678803 
0.670394 0.678263 
0.670196 0.671427 
0.665608 0.671279 
0.665759 0.679243 
0.672733 0.67551 
0.663088 0.676898 
0.662918 0.671681 
0.665712 0.680631 
0.66762 0.68138 
0.661487 0.677976 
0.66263 0.669692 
0.662865 0.669422 
0.999239 0.347374 
0.99583 0.352117 
0.99399 0.34782 
0.996064 0.345416 
0.992651 0.349974 
0.992148 0.35076 
0.994845 0.354742 
0.996342 0.35588 
0.991424 0.34864 
0.993855 0.35488 
0.996018 0.356138 
0.994235 0.343087 
0.990155 0.351194 
0.996299 0.35759 
0.988877 0.348314 
0.997742 0.340636 
0.988818 0.346982 
0.987791 0.348023 
0.988852 0.355127 
0.992843 0.359019 
0.379252 0.256905 
0.377176 0.254296 
0.379648 0.259077 
0.38182 0.257345 
0.377502 0.259023 
0.378832 0.259658 
0.382435 0.257912 
0.38317 0.256167 
0.377923 0.251198 
0.378281 0.250623 
0.383933 0.256918 
0.380547 0.26085 
0.379572 0.261148 
0.37498 0.259778 
0.373563 0.258984 
0.383524 0.251824 
0.372879 0.258139 
0.382948 0.250634 
0.373121 0.260203 
0.373673 0.250456 
0.313266 0.937723 
0.31175 0.940181 
0.312098 0.93556 
0.311666 0.93534 
0.313382 0.939319 
0.309232 0.935766 
0.308321 0.93899 
0.310748 0.934893 
0.307346 0.937983 
0.308407 0.941348 
0.308102 0.934596 
0.310006 0.933433 
0.310011 0.933396 
0.313801 0.934136 
0.314307 0.941315 
0.314821 0.934546 
0.315645 0.934835 
0.305617 0.93641 
0.308138 0.943026 
0.313227 0.944246 
0.41053 0.847599 
0.409504 0.849744 
0.41072 0.845888 
0.410326 0.845565 
0.41266 0.846438 
0.412061 0.845274 
0.406878 0.848797 
0.413993 0.848791 
0.412912 0.844921 
0.413984 0.846174 
0.407687 0.844453 
0.405654 0.850306 
0.415036 0.850015 
0.409809 0.842025 
0.416192 0.849112 
0.412375 0.842041 
0.409405 0.840951 
0.405266 0.842459 
0.416389 0.843595 
0.402213 0.846114 
0.683822 0.299865 
0.68432 0.296072 
0.683811 0.300449 
0.685703 0.297447 
0.679563 0.300098 
0.685245 0.294517 
0.679699 0.301336 
0.686534 0.299916 
0.681068 0.293201 
0.678629 0.294372 
0.68673 0.294899 
0.680423 0.292962 
0.677022 0.298561 
0.677815 0.300759 
0.687895 0.295285 
0.683792 0.303878 
0.680309 0.291328 
0.675661 0.295466 
0.684131 0.304926 
0.68733 0.29186 
0.371073 0.2545 
0.372879 0.258139 
0.377176 0.254296 
0.373563 0.258984 
0.373673 0.250456 
0.369692 0.252746 
0.37498 0.259778 
0.369 0.255795 
0.373121 0.260203 
0.377502 0.259023 
0.377923 0.251198 
0.379252 0.256905 
0.378281 0.250623 
0.36744 0.255947 
0.378832 0.259658 
0.379648 0.259077 
0.371486 0.261854 
0.366306 0.254779 
0.37319 0.246923 
0.38182 0.257345 
0.320426 0.70652 
0.315416 0.705306 
0.315989 0.70438 
0.313242 0.708263 
0.321429 0.710651 
0.320592 0.703692 
0.313881 0.703942 
0.316077 0.702539 
0.321255 0.711785 
0.313533 0.711892 
0.322485 0.71089 
0.312186 0.704905 
0.316242 0.713686 
0.32105 0.702197 
0.323742 0.710966 
0.32442 0.706316 
0.317526 0.714839 
0.319033 0.700596 
0.313706 0.700573 
0.318004 0.715944 
0.0554148 0.41338 
0.0571358 0.409793 
0.0594664 0.410687 
0.0553778 0.415545 
0.0537239 0.410845 
0.0536806 0.410168 
0.0529168 0.410448 
0.0560296 0.417554 
0.0529463 0.409139 
0.0540973 0.416957 
0.0512239 0.410746 
0.0569971 0.41871 
0.0604609 0.418134 
0.0564737 0.404816 
0.0552074 0.420029 
0.0635655 0.40795 
0.0492816 0.411743 
0.0627751 0.418119 
0.0492002 0.412973 
0.0592338 0.42029 
0.761826 0.281138 
0.764565 0.2868 
0.763234 0.279737 
0.76298 0.288106 
0.75733 0.284009 
0.762635 0.278746 
0.763242 0.278347 
0.75742 0.280806 
0.756748 0.282124 
0.763259 0.278149 
0.768106 0.28345 
0.759465 0.289257 
0.767397 0.279763 
0.768104 0.279956 
0.765438 0.290274 
0.758676 0.290927 
0.756378 0.289775 
0.758619 0.291618 
0.770705 0.282234 
0.763288 0.275159 
0.732602 0.079825 
0.739436 0.0794169 
0.735361 0.0739494 
0.73104 0.0796644 
0.738234 0.0738768 
0.735054 0.0730395 
0.73961 0.0817414 
0.732532 0.0725693 
0.732001 0.0838884 
0.728688 0.0766713 
0.742454 0.0756111 
0.742982 0.081382 
0.731353 0.0850324 
0.743378 0.0804628 
0.731334 0.0711185 
0.731187 0.071162 
0.743977 0.0771678 
0.741003 0.0714494 
0.744178 0.0767763 
0.744038 0.0760158 
0.406719 0.042108 
0.409103 0.041209 
0.405936 0.0427037 
0.403951 0.039458 
0.405767 0.0435336 
0.409741 0.0377574 
0.404102 0.0378536 
0.406218 0.0361254 
0.408161 0.0360379 
0.404668 0.0449121 
0.411985 0.0411043 
0.402336 0.0431001 
0.403989 0.0449051 
0.407898 0.0351509 
0.403983 0.0355139 
0.402829 0.0447032 
0.409047 0.034752 
0.405823 0.0342574 
0.409802 0.0344886 
0.407003 0.0478723 
0.400128 0.746926 
0.402553 0.744408 
0.401318 0.749216 
0.404329 0.747499 
0.403395 0.750196 
0.406038 0.745433 
0.40463 0.742515 
0.400814 0.741266 
0.406423 0.747948 
0.401227 0.740849 
0.395465 0.744456 
0.406161 0.741876 
0.394956 0.748063 
0.404933 0.740425 
0.394777 0.743754 
0.39872 0.739579 
0.395123 0.742439 
0.406478 0.741044 
0.408657 0.748168 
0.403722 0.753552 
0.533266 0.154199 
0.532766 0.150404 
0.533429 0.150378 
0.529477 0.151737 
0.529564 0.151212 
0.531475 0.149665 
0.528996 0.150118 
0.527517 0.154529 
0.537471 0.153781 
0.528875 0.149347 
0.527906 0.149006 
0.530503 0.146584 
0.539022 0.149648 
0.539602 0.1561 
0.525227 0.149248 
0.540615 0.154414 
0.523657 0.155091 
0.528462 0.145264 
0.535836 0.145095 
0.532208 0.162463 
0.48366 0.542718 
0.479574 0.543672 
0.48165 0.540546 
0.483684 0.546414 
0.482331 0.540026 
0.482231 0.547344 
0.479946 0.546624 
0.486347 0.545396 
0.483888 0.547689 
0.477883 0.54075 
0.482506 0.537806 
0.478522 0.53918 
0.476546 0.542419 
0.485043 0.54871 
0.482096 0.549416 
0.476348 0.541697 
0.480139 0.549334 
0.475608 0.543753 
0.48816 0.546705 
0.480722 0.536807 
0.180467 0.689107 
0.179963 0.689583 
0.183914 0.689533 
0.180868 0.687992 
0.183239 0.693326 
0.184814 0.689472 
0.179655 0.686981 
0.181784 0.68639 
0.184185 0.685913 
0.176278 0.692127 
0.179312 0.685458 
0.178011 0.694925 
0.184394 0.685337 
0.185117 0.685272 
0.175778 0.693381 
0.183659 0.697371 
0.174843 0.692762 
0.178636 0.697837 
0.173812 0.688692 
0.173715 0.693968 
0.161801 0.80701 
0.163445 0.805559 
0.159347 0.809835 
0.158408 0.807602 
0.157936 0.808014 
0.166543 0.810751 
0.159252 0.811692 
0.161027 0.813267 
0.166304 0.802096 
0.168227 0.810506 
0.16908 0.806418 
0.157606 0.811909 
0.15872 0.814141 
0.157331 0.81359 
0.170608 0.805192 
0.162196 0.815571 
0.154178 0.806732 
0.170582 0.804005 
0.170946 0.804103 
0.171468 0.809375 
0.414046 0.357063 
0.413004 0.361906 
0.41541 0.357169 
0.416009 0.357833 
0.41637 0.357354 
0.410012 0.354925 
0.410257 0.353862 
0.411712 0.365278 
0.407316 0.35653 
0.406424 0.360789 
0.408188 0.364132 
0.415584 0.352441 
0.42052 0.360877 
0.419109 0.36419 
0.40614 0.362568 
0.406578 0.354897 
0.42101 0.357427 
0.407182 0.36527 
0.410892 0.350896 
0.419822 0.353411 
0.240312 0.63397 
0.242587 0.635801 
0.241278 0.637706 
0.240206 0.630663 
0.244842 0.632504 
0.237831 0.632861 
0.237456 0.63482 
0.242561 0.630242 
0.245319 0.635989 
0.238071 0.637688 
0.246334 0.634406 
0.244364 0.629615 
0.243863 0.639132 
0.239074 0.628804 
0.244772 0.639365 
0.246539 0.637903 
0.235589 0.631609 
0.244698 0.628542 
0.248243 0.634087 
0.247312 0.638162 
0.342311 0.922227 
0.339825 0.920238 
0.33805 0.921259 
0.341884 0.91895 
0.341824 0.926448 
0.343556 0.925872 
0.3413 0.917835 
0.34263 0.926833 
0.344092 0.926034 
0.345412 0.92425 
0.335834 0.921754 
0.344743 0.918086 
0.33712 0.926926 
0.34564 0.917372 
0.343499 0.929236 
0.33363 0.923652 
0.348467 0.921116 
0.34338 0.915082 
0.347583 0.926727 
0.333492 0.925273 
0.512853 0.842877 
0.514018 0.84322 
0.510037 0.842441 
0.514366 0.84452 
0.511127 0.845428 
0.514094 0.838348 
0.514799 0.838438 
0.515656 0.838401 
0.515642 0.846132 
0.517772 0.842715 
0.509164 0.83765 
0.511863 0.847843 
0.511965 0.847903 
0.513137 0.848471 
0.509229 0.836739 
0.512108 0.848857 
0.506824 0.845597 
0.50754 0.846778 
0.518577 0.838536 
0.515435 0.849018 
0.684947 0.362038 
0.686388 0.364422 
0.686035 0.361755 
0.684254 0.361658 
0.687366 0.362701 
0.687119 0.364549 
0.682556 0.36333 
0.682448 0.362213 
0.687054 0.365998 
0.6875 0.365674 
0.682047 0.362792 
0.683134 0.360503 
0.688995 0.362305 
0.682887 0.366266 
0.689 0.361865 
0.685513 0.358693 
0.680421 0.362526 
0.684796 0.358212 
0.690449 0.36142 
0.691213 0.363821 
0.581291 0.325607 
0.580978 0.320968 
0.581508 0.326031 
0.582656 0.319077 
0.586838 0.325387 
0.578105 0.324702 
0.584958 0.328567 
0.578922 0.327759 
0.588582 0.321669 
0.587679 0.326722 
0.577183 0.325547 
0.580911 0.317441 
0.578301 0.327438 
0.577089 0.320853 
0.578946 0.328254 
0.588812 0.325219 
0.588023 0.327001 
0.576256 0.324037 
0.587758 0.318699 
0.587216 0.328592 
0.133718 0.578453 
0.133606 0.573966 
0.13356 0.579007 
0.132931 0.574166 
0.138687 0.572577 
0.137856 0.571917 
0.137811 0.571693 
0.138509 0.571981 
0.138318 0.571614 
0.140502 0.579181 
0.133445 0.580986 
0.133987 0.57093 
0.134295 0.581761 
0.134256 0.570403 
0.131551 0.580846 
0.129244 0.575468 
0.131352 0.571055 
0.142519 0.580065 
0.143442 0.577524 
0.140397 0.582655 
0.831763 0.646356 
0.8326 0.644434 
0.827799 0.644641 
0.833633 0.643482 
0.837224 0.645457 
0.824703 0.645715 
0.825492 0.649313 
0.834839 0.640449 
0.828163 0.639955 
0.8376 0.64327 
0.830945 0.63859 
0.824198 0.64865 
0.834816 0.639352 
0.832407 0.653591 
0.83797 0.649648 
0.8233 0.647854 
0.82361 0.642326 
0.837441 0.65221 
0.839173 0.65001 
0.838871 0.641264 
0.675547 0.399728 
0.677409 0.399855 
0.674733 0.395665 
0.67214 0.397641 
0.675212 0.402965 
0.670596 0.399413 
0.672443 0.402458 
0.67972 0.400541 
0.677474 0.393864 
0.67426 0.393401 
0.671675 0.394472 
0.669754 0.399503 
0.670994 0.402218 
0.669674 0.396935 
0.669769 0.400607 
0.674179 0.392764 
0.671204 0.394219 
0.674774 0.404388 
0.676005 0.391998 
0.677822 0.392464 
0.510961 0.508503 
0.512136 0.505091 
0.513332 0.509268 
0.511409 0.510435 
0.508209 0.504031 
0.50672 0.507447 
0.512939 0.501961 
0.517719 0.509995 
0.518326 0.50609 
0.508141 0.50189 
0.518456 0.508988 
0.506581 0.503202 
0.506372 0.503193 
0.5181 0.503377 
0.506731 0.501916 
0.519545 0.50629 
0.514903 0.514654 
0.512572 0.515264 
0.51706 0.501137 
0.507463 0.499792 
0.355903 0.725476 
0.354069 0.726965 
0.35376 0.728176 
0.355132 0.724575 
0.353196 0.725999 
0.359431 0.726222 
0.356394 0.722806 
0.360018 0.726749 
0.354906 0.722376 
0.358706 0.730193 
0.360133 0.727838 
0.352965 0.730764 
0.352865 0.722914 
0.358459 0.722958 
0.359484 0.723624 
0.353846 0.721804 
0.360473 0.73009 
0.349019 0.725787 
0.359446 0.732424 
0.349006 0.724198 
0.566104 0.779036 
0.568253 0.779605 
0.569086 0.778449 
0.564163 0.776851 
0.569895 0.777959 
0.567837 0.775086 
0.561843 0.777342 
0.570672 0.776464 
0.561961 0.781292 
0.564449 0.784256 
0.565964 0.772629 
0.563375 0.784414 
0.564704 0.772713 
0.561291 0.78265 
0.57005 0.772727 
0.569741 0.785243 
0.56399 0.771969 
0.559659 0.775878 
0.559273 0.78068 
0.573863 0.77987 
0.0579611 0.00443787 
0.0565908 0.00329575 
0.0549417 0.00351415 
0.0579132 0.00903933 
0.0596514 0.00500777 
0.060617 0.00605506 
0.0524046 0.00748621 
0.0609872 0.00771154 
0.0600691 0.00302766 
0.0528917 0.00300925 
0.061295 0.00544698 
0.0549746 0.00155974 
0.0614663 0.00669673 
0.0529665 0.00996427 
0.0538833 0.00158054 
0.0542092 0.000492912 
0.059375 0.000751771 
0.0504817 0.00427533 
0.0514668 0.0106644 
0.0608595 0.0114333 
0.0967991 0.35155 
0.0963653 0.350479 
0.0959471 0.355898 
0.100392 0.353092 
0.092332 0.352934 
0.101182 0.354413 
0.0923382 0.349414 
0.0908539 0.354748 
0.0940731 0.358507 
0.101141 0.348737 
0.100915 0.357634 
0.101791 0.356828 
0.0997493 0.346547 
0.0935049 0.359325 
0.0888913 0.351842 
0.0960076 0.345158 
0.10402 0.351747 
0.0903246 0.357997 
0.0921439 0.359914 
0.104346 0.355534 
0.00314887 0.1016 
0.00338348 0.0992879 
0.00258367 0.0995456 
0.00614328 0.0994516 
0.00522543 0.0986942 
0.00233166 0.103818 
0.00207204 0.103732 
5.00433e-006 0.0997582 
0.00143961 0.105085 
0.00190506 0.105505 
0.00449746 0.106349 
0.0059221 0.0963235 
0.00812387 0.0977187 
0.001945 0.0946555 
0.00389463 0.10875 
0.000190851 0.0948843 
0.0058627 0.0937707 
0.00324367 0.0934568 
0.00472494 0.10918 
0.00607085 0.109178 
0.995932 0.968097 
0.996744 0.966495 
0.997098 0.96541 
0.998739 0.965309 
0.997178 0.974075 
0.998429 0.964963 
0.993762 0.974146 
0.992286 0.97249 
0.994916 0.963467 
0.990687 0.969961 
0.990926 0.967461 
0.990508 0.967513 
0.990268 0.972434 
0.990352 0.965622 
0.9985 0.960692 
0.998825 0.978583 
0.989376 0.966439 
0.994571 0.978241 
0.991336 0.961893 
0.999033 0.97992 
0.582439 0.0567152 
0.585058 0.0544944 
0.581299 0.0580008 
0.582035 0.0549236 
0.586113 0.0625681 
0.580346 0.0576391 
0.589054 0.0609042 
0.58125 0.054881 
0.580959 0.0607827 
0.582833 0.0531971 
0.581741 0.0535231 
0.582215 0.0531554 
0.586247 0.0638426 
0.591042 0.0583211 
0.59099 0.0571394 
0.590155 0.0619566 
0.5792 0.0551585 
0.592174 0.0573596 
0.580145 0.0528068 
0.584438 0.0652484 
0.711178 0.250336 
0.713125 0.24896 
0.709551 0.249925 
0.714367 0.250868 
0.708819 0.246618 
0.71533 0.248418 
0.714238 0.246288 
0.714604 0.245781 
0.710174 0.253723 
0.709503 0.244612 
0.715951 0.246569 
0.707243 0.25234 
0.712175 0.243466 
0.717376 0.250015 
0.713131 0.255516 
0.710052 0.256013 
0.717028 0.253851 
0.707581 0.243005 
0.706891 0.243371 
0.709312 0.242076 
0.690269 0.687151 
0.689375 0.686046 
0.689686 0.684478 
0.687063 0.68592 
0.68654 0.685354 
0.697354 0.686932 
0.685551 0.686676 
0.696678 0.684252 
0.69768 0.685808 
0.696925 0.691721 
0.684556 0.689718 
0.691919 0.695298 
0.696658 0.682201 
0.691444 0.695893 
0.695758 0.695547 
0.682845 0.687941 
0.698876 0.682654 
0.696913 0.695427 
0.697529 0.695614 
0.698097 0.680759 
0.274905 0.991782 
0.277998 0.99563 
0.276011 0.99647 
0.276335 0.996598 
0.27451 0.989615 
0.278846 0.995991 
0.27629 0.997247 
0.274126 0.997888 
0.275314 0.998598 
0.27816 0.987725 
0.281298 0.997341 
0.269929 0.996388 
0.274418 0.985595 
0.27182 0.986225 
0.272355 0.98576 
0.268083 0.991 
0.279669 0.985059 
0.270451 0.999895 
0.276608 0.983879 
0.269574 0.999397 
0.71654 0.156393 
0.720665 0.155831 
0.72049 0.159414 
0.722386 0.155915 
0.721645 0.153743 
0.714849 0.160965 
0.716531 0.151504 
0.715247 0.151591 
0.718284 0.151005 
0.722197 0.160196 
0.724029 0.155092 
0.724238 0.156894 
0.710844 0.160651 
0.719624 0.14906 
0.715551 0.149033 
0.71035 0.160059 
0.710221 0.153554 
0.709569 0.156703 
0.717725 0.164872 
0.723069 0.150575 
0.614588 0.920056 
0.615877 0.92145 
0.612233 0.91852 
0.612892 0.922313 
0.618788 0.920924 
0.619066 0.92014 
0.612554 0.916071 
0.611842 0.923472 
0.615773 0.924596 
0.617173 0.915303 
0.612391 0.924485 
0.609067 0.920842 
0.609098 0.91795 
0.620122 0.914753 
0.622492 0.920718 
0.612021 0.912204 
0.622764 0.920925 
0.607942 0.915309 
0.606661 0.918548 
0.609766 0.926428 
0.83329 0.864499 
0.832674 0.86389 
0.831564 0.863013 
0.830274 0.86463 
0.833978 0.861615 
0.83624 0.867259 
0.830711 0.862606 
0.832301 0.861269 
0.835628 0.861217 
0.832836 0.859136 
0.839377 0.867085 
0.839565 0.86747 
0.831669 0.858676 
0.83896 0.869699 
0.835916 0.857931 
0.83332 0.856962 
0.841253 0.867678 
0.825934 0.867704 
0.841538 0.867127 
0.842096 0.864274 
0.483746 0.528502 
0.484961 0.532314 
0.483819 0.524729 
0.48957 0.527996 
0.488449 0.524979 
0.482232 0.53183 
0.480278 0.52789 
0.48812 0.523927 
0.490749 0.529422 
0.481921 0.533137 
0.491057 0.526487 
0.490655 0.52554 
0.488494 0.533629 
0.480798 0.53251 
0.480415 0.532199 
0.47926 0.530014 
0.480158 0.532208 
0.479031 0.53002 
0.48606 0.535198 
0.492119 0.530458 
0.894436 0.890748 
0.895299 0.888464 
0.897584 0.88913 
0.894253 0.888718 
0.895178 0.89326 
0.894051 0.893145 
0.89747 0.893363 
0.893513 0.8874 
0.896627 0.894186 
0.892475 0.88713 
0.898145 0.894916 
0.900663 0.892927 
0.892149 0.885883 
0.89355 0.895919 
0.895141 0.884206 
0.891582 0.894861 
0.891358 0.895201 
0.902251 0.887719 
0.899302 0.884203 
0.903018 0.890704 
0.833094 0.459975 
0.832264 0.460389 
0.83472 0.458582 
0.835246 0.458705 
0.83554 0.457349 
0.830154 0.458441 
0.832816 0.455635 
0.837676 0.462696 
0.837736 0.462793 
0.828117 0.459341 
0.838957 0.458721 
0.829738 0.464358 
0.839269 0.459441 
0.826897 0.459703 
0.826921 0.461449 
0.827653 0.456849 
0.839074 0.455909 
0.826313 0.460067 
0.833472 0.452989 
0.840201 0.457071 
0.895739 0.938471 
0.893033 0.935028 
0.897326 0.940328 
0.889954 0.934459 
0.887333 0.940289 
0.896388 0.935351 
0.897567 0.940947 
0.897166 0.935868 
0.896437 0.94333 
0.889351 0.944294 
0.89727 0.943634 
0.895405 0.93305 
0.898838 0.941368 
0.898152 0.943145 
0.89918 0.936542 
0.893294 0.946326 
0.896957 0.945538 
0.90025 0.940317 
0.900454 0.937481 
0.88498 0.942455 
0.184775 0.0299851 
0.185088 0.0294871 
0.182854 0.0287427 
0.188499 0.0279885 
0.182256 0.0272384 
0.188092 0.0338527 
0.190053 0.0298791 
0.189691 0.0323915 
0.190283 0.0316888 
0.187128 0.0252885 
0.179402 0.0309897 
0.187207 0.0246836 
0.184262 0.0243445 
0.18941 0.0352101 
0.19104 0.0268386 
0.17903 0.0272341 
0.178696 0.027103 
0.190474 0.035579 
0.189834 0.0240162 
0.193003 0.028953 
0.254309 0.205156 
0.25528 0.209608 
0.259357 0.208769 
0.257435 0.201913 
0.252969 0.20874 
0.251886 0.205774 
0.253639 0.202373 
0.260985 0.206843 
0.251495 0.202824 
0.254395 0.211406 
0.25797 0.200177 
0.250929 0.208874 
0.25972 0.200313 
0.260961 0.211186 
0.256312 0.198815 
0.250206 0.201741 
0.250672 0.200808 
0.255191 0.213582 
0.248772 0.207672 
0.261417 0.199808 
0.615995 0.44164 
0.61412 0.440342 
0.615597 0.443374 
0.614443 0.438892 
0.613695 0.438677 
0.615191 0.43796 
0.612377 0.443713 
0.616808 0.444616 
0.612192 0.444324 
0.611376 0.439512 
0.610663 0.442763 
0.619918 0.441246 
0.609633 0.442315 
0.618522 0.437342 
0.609528 0.442084 
0.618006 0.43679 
0.609143 0.440965 
0.614813 0.435386 
0.610579 0.437082 
0.610346 0.446052 
0.45758 0.528866 
0.453881 0.529482 
0.453144 0.53129 
0.453664 0.532632 
0.458636 0.525705 
0.456465 0.524999 
0.460597 0.527075 
0.453771 0.525659 
0.460448 0.526647 
0.452898 0.525983 
0.454747 0.535536 
0.450098 0.530606 
0.459132 0.535968 
0.459557 0.535944 
0.462011 0.526254 
0.463032 0.528472 
0.456613 0.536982 
0.462536 0.53374 
0.457467 0.523024 
0.462295 0.525847 
0.269522 0.905844 
0.270174 0.905508 
0.270117 0.903078 
0.270583 0.901517 
0.263316 0.903719 
0.27492 0.904483 
0.265924 0.897508 
0.269871 0.911952 
0.262776 0.910472 
0.275834 0.904073 
0.273874 0.910157 
0.275948 0.903119 
0.271984 0.911843 
0.275391 0.9006 
0.275549 0.900586 
0.271027 0.896333 
0.275272 0.909916 
0.271434 0.895912 
0.257734 0.904162 
0.264677 0.914297 
0.928664 0.371424 
0.927475 0.37124 
0.929267 0.372167 
0.929684 0.37269 
0.925676 0.37003 
0.929388 0.373579 
0.926361 0.367679 
0.932651 0.370712 
0.928211 0.366077 
0.92763 0.366154 
0.925417 0.373044 
0.932701 0.37279 
0.933062 0.367451 
0.930608 0.364893 
0.931076 0.375274 
0.928162 0.364392 
0.922659 0.369736 
0.927179 0.364001 
0.927202 0.376935 
0.922181 0.367049 
0.477421 0.135663 
0.476754 0.134603 
0.47741 0.133904 
0.476391 0.134425 
0.473929 0.134396 
0.475317 0.138746 
0.473487 0.133249 
0.478567 0.139627 
0.473438 0.132403 
0.482708 0.135038 
0.47403 0.131599 
0.476079 0.130186 
0.481485 0.138896 
0.473371 0.138823 
0.474072 0.139702 
0.478844 0.128903 
0.480336 0.129025 
0.484808 0.137791 
0.479076 0.127588 
0.474769 0.127991 
0.662811 0.355231 
0.661231 0.355909 
0.664696 0.355054 
0.661853 0.35943 
0.663174 0.351645 
0.665904 0.352991 
0.662377 0.350942 
0.665349 0.359861 
0.664733 0.360322 
0.660756 0.360399 
0.666672 0.352076 
0.668108 0.35342 
0.660246 0.350377 
0.668006 0.358217 
0.668575 0.353383 
0.659281 0.350386 
0.659162 0.360731 
0.666305 0.349899 
0.657073 0.352003 
0.659415 0.3496 
0.796191 0.996198 
0.793567 0.998659 
0.793669 0.99402 
0.798025 0.998143 
0.799118 0.994146 
0.794927 0.991618 
0.794019 0.991273 
0.796852 0.9909 
0.798987 0.991073 
0.794393 0.989657 
0.786992 0.997636 
0.797333 0.988268 
0.79984 0.989449 
0.795772 0.987699 
0.790677 0.988503 
0.784811 0.997918 
0.804443 0.999908 
0.788849 0.98851 
0.786049 0.990298 
0.790407 0.986853 
0.18264 0.022806 
0.180405 0.0238819 
0.182825 0.0191755 
0.178875 0.0233389 
0.182294 0.0182345 
0.184262 0.0243445 
0.177815 0.0186948 
0.175517 0.0219597 
0.182256 0.0272384 
0.17903 0.0272341 
0.178696 0.027103 
0.175339 0.023586 
0.186994 0.0190399 
0.177566 0.0271623 
0.187207 0.0246836 
0.177157 0.0271041 
0.185372 0.0158978 
0.187128 0.0252885 
0.174493 0.0183445 
0.182854 0.0287427 
0.595846 0.738439 
0.600177 0.743605 
0.591579 0.739957 
0.59665 0.736357 
0.593583 0.747789 
0.593864 0.748027 
0.591532 0.736496 
0.591843 0.748031 
0.60047 0.748165 
0.588769 0.743086 
0.594292 0.734811 
0.599562 0.748941 
0.594476 0.749768 
0.59015 0.747253 
0.5904 0.747671 
0.599469 0.749882 
0.602641 0.73635 
0.604767 0.740816 
0.589924 0.735941 
0.588491 0.746377 
0.417793 0.949021 
0.41682 0.945322 
0.418379 0.949887 
0.416995 0.949038 
0.421638 0.942864 
0.423744 0.949571 
0.416383 0.950793 
0.424595 0.948568 
0.413967 0.948797 
0.413975 0.949217 
0.415537 0.94228 
0.415261 0.951236 
0.418172 0.953187 
0.426092 0.947788 
0.419139 0.953489 
0.416906 0.940682 
0.420709 0.95362 
0.412954 0.949122 
0.41583 0.952853 
0.41377 0.951065 
