2 100
0.28993915957625616 0.2192256249863912
0.41594244940591063 0.3324950971387298
0.668765641661895 0.35842719678852974
0.9513115808385064 0.009872127529798824
0.854326392296021 0.7379340315216206
0.5213865532258332 0.6310483300808257
0.5702122540745648 0.30640779344983493
0.33654769026914877 0.2855146090977102
0.9198161852817919 0.4646015908673581
0.4952414618570058 0.7949167401212107
0.6652223811128932 0.6503692380215907
0.08717885809186687 0.8103446484554269
0.5648477489175792 0.3226276801621053
0.2291062821506572 0.4748643671488644
0.9165910092791497 0.8751869808524199
0.11689507760905671 0.2220897257550275
0.5796646739279507 0.7381678405185386
0.22187647565915647 0.06632649572302762
0.6910088057720337 0.9694127314228769
0.4066880910305193 0.6372945497240268
0.7300550107515043 0.9879328131934133
0.8328786517929249 0.06711063642222803
0.3334870475539057 0.26193664184799326
0.41233414223207365 0.24582813199364084
0.5145470707449697 0.8947351966173268
0.999173910729492 0.33658692673819757
0.4005968235273072 0.8539238270310942
0.6555719497578131 0.38524944642109193
0.6722768317277218 0.7744256165211921
0.2817490478537865 0.8596978276950908
0.7048487201807817 0.6961885037872608
0.4327073188315955 0.011682624295249022
0.44720085053568837 0.29033218379256265
0.9226642267132193 0.6131652854787744
0.30308917880648734 0.9038678461050378
0.3160505596446843 0.4653250878613563
0.5139428747226922 0.3010262843072341
0.7818682298963414 0.1665652150761462
0.643413765690688 0.7065178044960635
0.4832786448986093 0.9302079650232252
0.682026899278781 0.1856119585142868
0.9386354631835178 0.3034193911763172
0.12232590221280293 0.18756235251657272
0.09236029872554685 0.6563559069655575
0.6678464603531015 0.6749236012178061
0.9976327918806449 0.34979322213455954
0.37875709064022944 0.25573330806602723
0.311071470182982 0.9378665306133691
0.41017573075604685 0.8480657746693004
0.6824528555235261 0.29778659256158435
0.37380754043515885 0.255123752329413
0.3175743391262339 0.7077271092941205
0.05719027271227051 0.4124711876717495
0.7621884698986013 0.2837718773243102
0.735637407755018 0.07821909029389928
0.40698565379320983 0.04047735217953563
0.4013552091772311 0.7463797776477291
0.5323106649788976 0.15332435976679748
0.48226743231191427 0.543414315057536
0.18169204185443866 0.6905926544926421
0.16263266215414363 0.8072944479562196
0.4132427112362925 0.35927502523042454
0.24144308138656367 0.6342036227777729
0.34096500162292553 0.9224579122436473
0.512598530426442 0.8421871148907809
0.68536967533293 0.3632827614913797
0.5827765883927333 0.3232170584243763
0.13604217391821427 0.5762814871906431
0.8310828625557987 0.6459336599361495
0.6751976935128426 0.3985187338273175
0.5119240163395693 0.5073257864251605
0.3555617445798456 0.7268169620856738
0.5664115396066043 0.7788372025424657
0.056493698117649926 0.006208526958789706
0.09637027219069638 0.3527327279363083
0.004101289613311576 0.1012900603878818
0.9978164835401562 0.9696275080767843
0.5851032284270541 0.058008807362634585
0.7115400137594093 0.24922567156736508
0.6916569021318258 0.6879943265381055
0.2762436970853396 0.9930556983857183
0.7175839565540804 0.15667632411332943
0.6147841683027891 0.9197701601168771
0.8336007241512899 0.8649793928601837
0.4854835129593341 0.5284828458966027
0.8959109702617096 0.8903608938463465
0.8335993150623305 0.46029679651157807
0.8924839364311328 0.9390699557780228
0.18521160032423323 0.030323499076248206
0.25631754443499577 0.20596192560998738
0.6149431523377338 0.4413846328515142
0.4564265214545441 0.5301448539132939
0.26781123677051577 0.9046601504102236
0.9288411729345272 0.3701572464352957
0.47766743161450065 0.13511644230263242
0.6627795349178014 0.35558677978113107
0.7947474291873065 0.9970093518231583
0.1811716914209347 0.021462095106269397
0.5961537789156545 0.742092498979009
0.41956806511497224 0.9468691896558348
