2   1.51    0.045
2   1.451    0.03
2   1.453    0.037
2   1.424    0.04
2   1.422    0.038
3   1.552    0.056
3   1.545    0.054
3   1.558    0.053
3   1.54    0.049
3   1.555    0.052
3   1.671    0.052
5   1.867    0.11
5   1.789    0.106
5   1.792    0.103
5   1.79    0.097
5   1.839    0.108
10   2.498    1.146
10   2.553    1.158
10   2.499    1.116
10   2.453    1.103
10   2.596    1.18
15   3.009    7.337
15   2.994    7.314
15   3.047    7.515
15   3.269    7.546
15   3.213    7.386
15   3.285    7.734
20   3.739    19.465
20   3.727    19.464
20   3.942    20.542
