2 100
0.7983663653617193 0.14510193354607825
0.26252759716386265 0.871941854529536
0.6546636562388295 0.5586321085874574
0.18470352096573406 0.089216418485222
0.8250482699164114 0.33089431659909563
0.9300385468175694 0.5823642292163855
0.9402950021642283 0.35988741606401387
0.6569749813177487 0.8715190612209077
0.5571671141089077 0.4143563511317815
0.10223287878698195 0.8800440533416444
0.7590019582045753 0.6631042898543369
0.8506620043669492 0.5531796573515065
0.7842033110561766 0.6503400967444364
0.29825276585790383 0.1152202046152393
0.7174127919234028 0.003065850108065038
0.18338316172998093 0.8659243724314833
0.6575934159408949 0.003188179804269331
0.13116642416458923 0.09476840189970248
0.22540011782245606 0.7816137345664775
0.2323517339296124 0.20870816734218456
0.37367792445454584 0.8654715521503137
0.06312049118633611 0.0237728868079361
0.9599101800981963 0.4675644644301147
0.4768521669511282 0.5776340509841286
0.8321595330298555 0.021174457224326426
0.8995886728440355 0.18465044461293667
0.6787103038635038 0.7090382201627485
0.1308378484113898 0.603059767266555
0.4654511487599511 0.9500851673011111
0.5618729002389046 0.7432356500745384
0.6240436314802699 0.31936490323404565
0.8194475187476573 0.7701088457308741
0.9397321090569783 0.5359078188087579
0.06673407352784877 0.04986141304272462
0.9540307786757499 0.8371041629670726
0.0774457810409408 0.1145255345446593
0.9688612599131614 0.1374244308159449
0.14343623793595184 0.9360129030635063
0.7835525161934356 0.8637480099172669
0.4941689638966399 0.4866727994454437
0.44051440006685816 0.9308918060122237
0.9975175929125503 0.68703672707329
0.8682052892356947 0.22672642044804836
0.37341525795100017 0.767370827311331
0.7901049432984115 0.9544937503825947
0.20415768247271715 0.7324231706352944
0.9787413491865856 0.5297549036417178
0.9351464843580791 0.25899705226429326
0.8110105308723775 0.9477935434765749
0.38990642375269413 0.07589850686913424
0.008049176738703756 0.568034539088447
0.15041725054904287 0.6270163824138512
0.41540723276608527 0.4482187588173414
0.5358375316351168 0.08780911314665696
0.07577406340308535 0.9661538110703434
0.7444727911635984 0.8312638472673944
0.981200107006978 0.4217570827693876
0.1595516241282149 0.8020856665940563
0.0052291650569131765 0.7184101318803567
0.15122894252547592 0.36455222225472783
0.2695793299107545 0.6423036089569035
0.1729150021514715 0.6540752727931173
0.29058298913087366 0.7123192142143322
0.7520266474279 0.7606469163516218
0.19886812838234103 0.5382882101600307
0.30434334773710014 0.04153645153251495
0.47960752172516574 0.11978163549223309
0.32723907031090127 0.019116069684109283
0.9916440272269518 0.3793903783667334
0.8166675917829037 0.964153683911494
0.43414614300740884 0.8760981309607769
0.05004784620967451 0.909689464475367
0.12747117774246486 0.8513394864622353
0.9867666496260656 0.18561079952484172
0.7221250360272147 0.1485023209471894
0.7013819183038283 0.44192126592955994
0.6339890774904813 0.7936435551103244
0.0823011139177271 0.11446421620082048
0.6517753428193959 0.41119487540177213
0.6558307318350719 0.3912106560936738
0.7229447919237302 0.055186498955761665
0.21128813516308798 0.6280524657955691
0.6442316570502382 0.19423623575465554
0.180759061269681 0.9139015183906527
0.9781570577038828 0.2563071216597066
0.7849784314072836 0.15935019251296823
0.9910652644568316 0.17874660156778455
0.1660180830234509 0.9135413179109085
0.3374429228278929 0.5362866171753129
0.12664508295754562 0.03236618984472417
0.5682954388615375 0.9338530989590363
0.404138964374925 0.9297214716850702
0.34773526040811287 0.59204194420471
0.9388001909192207 0.5321404586134757
0.026485582264315854 0.5016558811678211
0.7401448002135979 0.8013111236767455
0.9266069214624363 0.6444673825308656
0.45919667830105937 0.02134803961771825
0.8675727368006884 0.020651047624296814
0.09245080833148855 0.024911525281690605
